%YAML:1.0
proj_intrinsics: !!opencv-matrix
   rows: 3
   cols: 3
   dt: d
   data: [ 2.122e+03, 0., 5.6e+02, 0.,
       2.234e+03, 31.3e+02, 0., 0., 1. ]
proj_distortion: !!opencv-matrix
   rows: 1
   cols: 5
   dt: d
   data: [ 0., 0., 0., 0., 0. ]
R: !!opencv-matrix
   rows: 3
   cols: 3
   dt: d
   data: [ 9.9993537805350707e-01, -1.1231483107185065e-02,
       1.7588360364469589e-03, 1.1038176573073257e-02,
       9.9621935977138476e-01, 8.6169286144391705e-02,
       -2.7199953918609688e-03, -8.6144303374659753e-02,
       9.9627895723093685e-01 ]
T: !!opencv-matrix
   rows: 3
   cols: 1
   dt: d
   data: [ 1.2962569585019025e-02, 1.0654961432864810e-01,
       5.2147384039390475e-02 ]
proj_size: !!opencv-matrix
   rows: 1
   cols: 2
   dt: i
   data: [ 1280, 800 ]
