%YAML:1.0
proj_intrinsics: !!opencv-matrix
   rows: 3
   cols: 3
   dt: d
   data: [ 1.8074786555006701e+03, 0., 5.9523622684844975e+02, 0.,
       2.4240592680703107e+03, 5.2468045836623628e+02, 0., 0., 1. ]
proj_distortion: !!opencv-matrix
   rows: 1
   cols: 5
   dt: d
   data: [ 0., 0., 0., 0., 0. ]
R: !!opencv-matrix
   rows: 3
   cols: 3
   dt: d
   data: [ 9.9971567329820754e-01, 6.2529506942972405e-03,
       2.3010283994907170e-02, -7.1168264072088653e-03,
       9.9926546763005586e-01, 3.7654694049686306e-02,
       -2.2757929251169751e-02, -3.7807748011492510e-02,
       9.9902585094005358e-01 ]
T: !!opencv-matrix
   rows: 3
   cols: 1
   dt: d
   data: [ -1.7430841513066189e-03, 8.4015861340699965e-02,
       -3.3620916251369182e-01 ]
proj_size: !!opencv-matrix
   rows: 1
   cols: 2
   dt: i
   data: [ 1280, 800 ]
