%YAML:1.0
proj_intrinsics: !!opencv-matrix
   rows: 3
   cols: 3
   dt: d
   data: [ 1.5904951183376311e+03, 0., 6.3121157328408742e+02, 0.,
       2.1251841337968694e+03, 5.8397210450156513e+02, 0., 0., 1. ]
proj_distortion: !!opencv-matrix
   rows: 1
   cols: 5
   dt: d
   data: [ 0., 0., 0., 0., 0. ]
R: !!opencv-matrix
   rows: 3
   cols: 3
   dt: d
   data: [ 9.9999876548878153e-01, 1.5084139776035002e-03,
       -4.4012292051721046e-04, -1.4928824846787622e-03,
       9.9944163383355489e-01, 3.3379512608807088e-02,
       4.9022729415405548e-04, -3.3378814349625162e-02,
       9.9944265189645232e-01 ]
T: !!opencv-matrix
   rows: 3
   cols: 1
   dt: d
   data: [ 2.0428783039631679e-02, 9.1517141258641424e-02,
       -9.2739700933623881e-02 ]
proj_size: !!opencv-matrix
   rows: 1
   cols: 2
   dt: i
   data: [ 1280, 800 ]